<?xml version="1.0" encoding="UTF-8" standalone="no" ?>
<SimscapeMultibodyImportXML version="2.0" xmlns="urn:mathworks:SimscapeMultibody:import" xmlns:xsi="http://www.w3.org/2001/XMLSchema-instance">
<Created by="Alcatraz" on="06/20/22||12:44:22" using="Simscape Multibody Link Version 7.4" from="Autodesk Inventor 2021 (Build 250183000, 183)"/>
<ModelUnits mass="kilogram" length="millimeter"/>
<DataUnits mass="kilogram" length="centimeter"/>
<RootAssembly name="Ensamble_Base_MX-28.iam" uid="Ensamble_Base_MX-28.iam_{18CD6F57-4A4C-F28D-4C9D-F692703B0845}" version="{F2359A60-301D-C669-F043-929B49B4A582}">
<AssemblyFile name="Ensamble_Base_MX-28.iam" type="Inventor Assembly"/>
<InstanceTree>
<Instance name="Base_MX28:1" grounded="true" uid="Base_MX28:1" entityUid="Base_MX28.ipt_{61C6D82F-4A8E-AD56-E125-E7916DB84F2F}">
<Transform>
<Rotation>1 0 0 0 1 0 0 0 1</Rotation>
<Translation>0.13059701286132477 -0.12126865490936915 -4.4874999999999963</Translation>
</Transform>
</Instance>
<Instance name="Eslabon_1:1" uid="Eslabon_1:1" entityUid="Eslabon_1.ipt_{3F43BD5A-49C0-03D1-66E5-31994DFF37D7}">
<Transform>
<Rotation>-0.060281664719562138 0.99818140680872147 -4.2046702232866222e-16 -0.99818140680872147 -0.060281664719562138 2.5528111809817196e-15 2.5228222038837179e-15 5.7359007156898765e-16 1</Rotation>
<Translation>-2.8270925376255782 -10.777281923063853 7.6581948587383852</Translation>
</Transform>
</Instance>
<Instance name="Eslabon_2:1" uid="Eslabon_2:1" entityUid="Eslabon_2.ipt_{D2C474B7-4E0C-B34F-0A27-3D987CA943BD}">
<Transform>
<Rotation>-0.17962336523944356 0.98373545562821807 -3.9562358006589124e-15 -0.98373545562821807 -0.17962336523944356 4.8072904614275108e-15 4.0184696842144595e-15 4.7553911182989484e-15 1.0000000000000004</Rotation>
<Translation>-35.479731950530329 27.253089426108406 13.051372103195952</Translation>
</Transform>
</Instance>
<Instance name="Eslabon_3:1" uid="Eslabon_3:1" entityUid="Eslabon_3.ipt_{F6AE6A01-463A-EC20-ABBA-B4A0A845CCB1}">
<Transform>
<Rotation>-0.062167222370168418 -0.99806574756514821 2.1741285020132353e-15 -0.99806574756514821 0.062167222370168418 -6.4269709326559931e-15 6.2793800184348028e-15 -2.5694701198015686e-15 -1</Rotation>
<Translation>8.2764538650190769 33.678648840981744 8.925432487700057</Translation>
</Transform>
</Instance>
</InstanceTree>
<Constraints>
</Constraints>
<Joints>
<Revolute name="De rotación:1">
<BaseFrame>
<InstancePath>
<Uid>Base_MX28:1</Uid>
</InstancePath>
<Transform>
<Rotation>-0.99999860411154262 0.0016708605466323762 0 -0.0016708605466323762 -0.99999860411154262 0 0 0 1</Rotation>
<Translation>0.060634327399909552 0.9809701484197022 9.375</Translation>
</Transform>
</BaseFrame>
<FollowerFrame>
<InstancePath>
<Uid>Eslabon_1:1</Uid>
</InstancePath>
<Transform>
<Rotation>0.8657230301233142 -0.50052336120715402 2.5234194970135284e-15 0.50052336120715402 0.8657230301233142 5.6369971934719622e-16 -2.4667272514659894e-15 7.750225792679606e-16 1</Rotation>
<Translation>-11.797770065787606 2.3113380419683822 -2.7706948587383531</Translation>
</Transform>
</FollowerFrame>
</Revolute>
<Revolute name="De rotación:2">
<BaseFrame>
<InstancePath>
<Uid>Eslabon_1:1</Uid>
</InstancePath>
<Transform>
<Rotation>-0.99999981733160792 0.00060443093131528475 1.6706981929353306e-16 -0.00060443093131528475 -0.99999981733160792 -1.8449414559533156e-15 1.6595464909271378e-16 -1.845042101107297e-15 1</Rotation>
<Translation>-31.147766531154151 2.2996423034474582 4.629305141261649</Translation>
</Transform>
</BaseFrame>
<FollowerFrame>
<InstancePath>
<Uid>Eslabon_2:1</Uid>
</InstancePath>
<Transform>
<Rotation>0.919153845245965 0.39389872907837198 1.9571563168886745e-15 -0.39389872907837198 0.919153845245965 2.1417317495724491e-15 -9.5530234023226977e-16 -2.7395023589350413e-15 1</Rotation>
<Translation>0.34799463443336048 37.498136900104122 -0.7638721031961736</Translation>
</Transform>
</FollowerFrame>
</Revolute>
<Revolute name="De rotación:3">
<BaseFrame>
<InstancePath>
<Uid>Eslabon_2:1</Uid>
</InstancePath>
<Transform>
<Rotation>-0.99295994450834102 -0.11845061672271813 2.1690142998302128e-15 -0.11845061672271813 0.99295994450834102 -8.7308903899949632e-16 -2.0503263836738706e-15 -1.1238635252110639e-15 -1</Rotation>
<Translation>-12.908020624752906 35.916821166855925 -6.0638721031961254</Translation>
</Transform>
</BaseFrame>
<FollowerFrame>
<InstancePath>
<Uid>Eslabon_3:1</Uid>
</InstancePath>
<Transform>
<Rotation>-2.40085729075192e-15 -1 3.2692703193074388e-16 1 -2.40085729075192e-15 -4.9759236841788091e-16 4.975923684178817e-16 3.269270319307427e-16 1</Rotation>
<Translation>0.55816394229045496 6.0820179331334998 1.9379324877000992</Translation>
</Transform>
</FollowerFrame>
</Revolute>
</Joints>
</RootAssembly>
<Assemblies>
</Assemblies>
<Parts>
<Part name="Base_MX28.ipt" uid="Base_MX28.ipt_{61C6D82F-4A8E-AD56-E125-E7916DB84F2F}" version="{3B6CF498-2EFC-F741-B3D1-C80A87BC904B}">
<PartFile name="Base_MX28.ipt" type="Inventor Part"/>
<MassProperties>
<Mass>0.45169533829224956</Mass>
<CenterOfMass>0.032385156121118405 -0.062089506623001972 1.9508439212329591</CenterOfMass>
<Inertia>7.9564901137304229 6.5175711113699739 10.499755557946971 0.28207864443423852 0.0084250828201521202 -0.016905003026598597</Inertia>
</MassProperties>
<GeometryFile name="Base_MX28_ipt_3b4c261d.STEP" type="STEP"/>
<VisualProperties>
<Ambient r="0.74901960784313726" g="0.74901960784313726" b="0.74901960784313726" a="1"/>
<Diffuse r="0.74901960784313726" g="0.74901960784313726" b="0.74901960784313726" a="1"/>
<Specular r="0" g="0" b="0" a="1"/>
<Emissive r="0" g="0" b="0" a="1"/>
<Shininess>0.14999999999999999</Shininess>
</VisualProperties>
</Part>
<Part name="Eslabon_1.ipt" uid="Eslabon_1.ipt_{3F43BD5A-49C0-03D1-66E5-31994DFF37D7}" version="{E0245122-4D3B-8E3E-BCA8-21419410C796}">
<PartFile name="Eslabon_1.ipt" type="Inventor Part"/>
<MassProperties>
<Mass>0.46333824023617226</Mass>
<CenterOfMass>-23.273140912472474 2.303985128509018 -1.4960473756932458</CenterOfMass>
<Inertia>3.1151277658220642 23.143230542179751 24.255410717131571 0.00081716874790458858 1.6608875785751842 -0.01217138115843045</Inertia>
</MassProperties>
<GeometryFile name="Eslabon_1_ipt_783ba5af.STEP" type="STEP"/>
<VisualProperties>
<Ambient r="0.74901960784313726" g="0.74901960784313726" b="0.74901960784313726" a="1"/>
<Diffuse r="0.74901960784313726" g="0.74901960784313726" b="0.74901960784313726" a="1"/>
<Specular r="0" g="0" b="0" a="1"/>
<Emissive r="0" g="0" b="0" a="1"/>
<Shininess>0.14999999999999999</Shininess>
</VisualProperties>
</Part>
<Part name="Eslabon_2.ipt" uid="Eslabon_2.ipt_{D2C474B7-4E0C-B34F-0A27-3D987CA943BD}" version="{E726EEE0-C36C-D39B-90A3-32341618B598}">
<PartFile name="Eslabon_2.ipt" type="Inventor Part"/>
<MassProperties>
<Mass>0.36148144400492827</Mass>
<CenterOfMass>-7.7226160679991613 36.555189666071975 -0.24847452553000551</CenterOfMass>
<Inertia>2.4460764015987517 9.9976295145912371 10.774501001872588 -0.057516602191179114 -0.44800655602326334 -0.92563307330904354</Inertia>
</MassProperties>
<GeometryFile name="Eslabon_2_ipt_8377af93.STEP" type="STEP"/>
<VisualProperties>
<Ambient r="0.74901960784313726" g="0.74901960784313726" b="0.74901960784313726" a="1"/>
<Diffuse r="0.74901960784313726" g="0.74901960784313726" b="0.74901960784313726" a="1"/>
<Specular r="0" g="0" b="0" a="1"/>
<Emissive r="0" g="0" b="0" a="1"/>
<Shininess>0.14999999999999999</Shininess>
</VisualProperties>
</Part>
<Part name="Eslabon_3.ipt" uid="Eslabon_3.ipt_{F6AE6A01-463A-EC20-ABBA-B4A0A845CCB1}" version="{9146BA1F-6517-EAD2-F287-AF446355AE60}">
<PartFile name="Eslabon_3.ipt" type="Inventor Part"/>
<MassProperties>
<Mass>0.24696656926800825</Mass>
<CenterOfMass>-6.0970080280018042 6.0821775129289701 2.4494675469819147</CenterOfMass>
<Inertia>0.98612814050317321 7.2287854584757021 7.5848594745681108 0.00027513826946551492 -0.11806960563870916 -7.3143280118529217e-05</Inertia>
</MassProperties>
<GeometryFile name="Eslabon_3_ipt_b06e504e.STEP" type="STEP"/>
<VisualProperties>
<Ambient r="0.74901960784313726" g="0.74901960784313726" b="0.74901960784313726" a="1"/>
<Diffuse r="0.74901960784313726" g="0.74901960784313726" b="0.74901960784313726" a="1"/>
<Specular r="0" g="0" b="0" a="1"/>
<Emissive r="0" g="0" b="0" a="1"/>
<Shininess>0.14999999999999999</Shininess>
</VisualProperties>
</Part>
</Parts>
</SimscapeMultibodyImportXML>
